[ 0.28233098 -0.62313947  0.4867622  -0.67653945 -0.72023464  3.32318744]
[-0.108512    0.47365403  1.92828811 -1.0453611   1.90711988 -1.48091187]
[ 1.50552659  0.67551242 -0.73813294  0.56402805 -0.39231581  1.27835963]
[-1.88313463 -0.52722887 -0.53171507 -2.1206681   1.25845207  0.02398479]
[ 0.95448258  0.9209614  -1.29149055 -1.74288298  0.92018165  0.48529014]
[-0.07473621 -0.6165458   1.06481937 -0.1687039  -0.75431191  0.58506957]
[ 0.91773296  0.23504091 -0.13441218 -0.65111753  0.00725558 -0.27441368]
[ 1.35648205 -0.11156031 -2.11830807  1.01212876  0.54709554 -0.53629992]
[ 1.07885002 -0.03022861 -0.36127607 -0.09871358  1.61400299 -1.05507012]
[-0.49501832 -1.03383765  0.19393558 -1.94901648  0.94178483 -1.12550061]
